1.87
0.39
1.96
0.82
2.01
0.53
2.25
0.75
1.22
1.64
0.77
0.56
0.96
0.54
0.48
2.04
1.19
1.91
2.12
2.2
1.92
2.19
1.2
0.89
1.06
0.88
2.14
0.74
1.96
0.88
2.26
1.52
0.97
1.42
2.04
2.19
1.15
1.48
0.63
2.07
0.81
0.6
1.83
0.97
0.85
2.01
0.7
1.24
1.11
2.03
0.63
2.23
1.91
1.03
0.31
0.67
1.12
1.66
0.61
0.77
2.24
0.57
1.99
0.41
1.19
1.22
1.8
2.04
1.9
1.63
1.8
0.41
1.93
1.32
0.58
1.98
0.52
0.99
0.42
1.33
2.22
2.26
1.26
1.82
0.99
0.77
1.69
1.31
2.13
2.01
1.78
1.57
1.78
0.96
1.18
0.66
1.88
0.67
0.39
0.97
2
1.39
1.08
1.12
0.4
0.87
0.3
2.13
1.56
1.93
1.15
0.97
1.38
1.61
0.48
1.57
1.59
1.38
0.57
1.41
0.58
1.55
0.67
2.06
2.21
1.55
1.92
1.28
1.42
1.51
1.96
0.61
0.59
2.24
1.44
2.2
0.8
0.94
2.02
1.56
2.07
0.36
2.23
1.14
1.18
1.92
0.41
0.46
0.99
2.19
1.07
1.27
1.44
1.45
0.52
1.34
2.2
2.14
1.83
1.32
0.84
0.98
1.63
0.63
0.91
2.27
0.52
0.92
0.4
1.74
2.18
2.17
1.3
2.11
0.51
2.18
1.22
2.13
1.84
1.91
2.01
0.61
0.37
1.14
1.26
0.59
1.69
1.15
1.93
0.71
1.67
1.97
1.39
0.5
2.3
2
0.46
0.51
0.61
2.08
1.45
2
1.94
0.44
1.3
2.15
1.83
2.22
1.47
0.86
1.32
1.18
0.67
1.39
1.52
1.63
1.18
0.9
1.99
0.3
1.31
1.35
1.97
1.9
1.05
1.96
1.6
1.22
1.67
1.41
0.99
0.81
1.1
2.13
0.45
1.6
1.48
1.98
1.51
0.64
2.05
0.52
1.52
0.41
1.11
0.74
1.75
1.99
0.84
0.93
1.49
1.36
1.48
1.15
0.95
2.24
0.8
1.75
0.65
2.17
0.36
0.84
2.18
1.16
0.66
0.33
1.97
1.84
1.51
1.17
1.69
1.25
0.9
0.4
1.37
1.71
0.34
0.31
0.9
0.89
0.94
2.09
1.45
1.62
0.44
1.6
1.55
0.94
1.05
1.9
0.31
1.11
0.43
2.19
1.47
0.3
2.22
1.13
1.34
1.43
1.51
0.72
0.37
2.11
0.83
0.94
1.01
0.37
0.95
1.11
0.96
1.09
0.4
1.61
0.41
0.54
0.91
1.16
0.68
1.16
0.76
0.69
1.47
0.39
2.09
0.63
1.9
2
0.97
0.94
0.62
1.68
0.86
2.21
0.98
0.89
0.84
1.19
0.97
1
2.01
1.63
1.79
1.61
0.44
1.4
1.85
1.05
2.27
2.23
1.91
2.23
2.13
1.07
0.31
1.91
0.9
1.92
1.6
1.07
2.06
1.43
1.95
0.61
1.33
0.62
1.21
1.37
1.02
1.88
1.57
0.72
0.7
1.06
2.03
0.84
1.66
1.07
1.09
1.62
0.99
2.2
1.54
0.31
0.46
1.06
1.92
1.07
2.18
0.72
1.34
1.43
1.85
0.49
1.74
0.37
0.81
2.15
0.94
1.53
1.72
2.22
1.45
1.63
0.97
0.67
2.17
1.83
1.44
0.46
1.15
1.64
0.35
1.89
1.65
0.52
2.15
0.77
0.79
2.02
1.19
1.33
1.14
0.73
1.52
2.09
0.3
1.54
1.93
0.94
0.76
0.85
0.85
1.42
2.18
1.02
1.29
1.54
0.55
0.43
1.7
1.4
1.27
1.76
0.48
2.12
1.48
0.33
0.58
1.97
1.55
1.47
0.99
1.9
1.4
2.22
1.68
1.4
1.45
0.8
1.55
1.41
1.35
2.1
2.03
1.22
0.82
1.02
1.97
0.57
0.65
1.36
1.67
1.12
0.31
1.35
0.93
1.49
1.38
1.22
0.65
0.63
1.89
1.35
2.23
0.49
0.76
1.1
1.59
1.91
1.6
0.33
0.51
0.65
2.14
1.75
1.07
2.16
0.46
0.73
0.42
0.31
1.3
1.29
1.13
0.81
0.33
1.76
2.01
0.92
2.18
0.35
0.75
1.27
0.9
2.18
1.46
1.36
0.97
2.25
0.46
2.27
2.29
0.68
2.12
2.12
1.63
0.39
1.47
1.79
0.32
1.59
1.8
1.32
0.57
0.62
1.84
2.11
1.58
1.04
0.72
1.46
0.59
1.17
0.42
1.2
1.04
1.58
2.26
1.21
1.52
1.93
0.68
1
0.3
0.49
0.81
1.13
2.09
1.48
0.61
2.12
0.76
1.61
0.63
0.53
1.43
1.67
0.34
0.7
0.4
2.27
1.36
2.21
0.64
1.48
1.1
1.38
2.26
0.55
1.8
0.98
2.18
2.18
1.68
1.68
0.36
1.7
0.5
1.66
0.87
0.31
1.47
0.84
1.62
1.3
1.07
0.74
0.67
1.11
1.15
2.28
0.58
1.71
2.18
0.92
0.89
0.97
2
0.34
0.73
1.49
1.02
0.6
0.86
1.91
1.99
0.93
1.3
1.69
1.79
1.37
1.71
0.95
1.91
1.02
1.45
0.68
0.97
1.82
0.99
1.32
1.3
1.27
0.72
1.17
1.89
1.31
1.35
1.09
1.36
1.78
1.78
1.58
1.58
0.34
1.18
0.76
0.47
1.68
2.16
1.96
0.75
1.56
2.11
0.35
2.28
1.25
2.24
0.94
2.28
0.43
1.96
1.27
1.4
0.38
2.14
0.49
0.89
0.68
1.28
1.45
1.66
0.75
2.24
0.94
0.79
1.11
1.4
0.46
0.49
1.25
2.12
0.44
0.5
1.42
2
1.99
0.37
1.44
2.13
1.85
1.57
1.79
0.81
0.66
1.37
2.15
0.85
1.46
0.53
1.33
0.61
1.89
1.79
2.05
2.03
1.78
0.85
1.13
1.95
0.54
1.58
1.26
2.19
1.79
0.38
1.89
0.97
1.96
1.02
0.79
1
2.29
1.78
1.51
2.15
0.84
0.85
0.7
1.51
0.58
1.23
1.32
2.18
0.71
1.06
1.4
1.7
1.61
2.23
0.84
1.36
1.01
1.3
1.24
0.49
0.88
0.82
1.16
0.53
1.04
1.65
0.73
0.52
0.63
1.94
0.37
1.17
2
2.28
1.88
2.28
1.2
0.89
1.65
1.12
1.65
0.75
0.51
0.46
2.18
0.55
1.52
0.88
1.55
1.96
0.57
2.14
1.99
1.43
1.87
0.72
2.29
0.3
0.95
0.61
1.44
0.52
0.98
1.13
0.49
0.56
1.11
0.89
1.15
0.45
1.71
2.01
0.4
1.42
2.17
2.29
1.67
0.88
0.86
0.42
0.53
1.14
2.26
2.22
1.77
1.32
2.15
1.25
1.32
2.3
1.06
1.97
0.51
1.75
0.79
2.21
1.51
1.1
2.3
1.86
1.26
1.71
1.56
1.36
0.32
0.92
0.84
1.2
1.5
1.41
1.32
1.24
1.75
0.77
0.65
1.21
1.79
0.49
2.17
0.31
0.48
0.92
1.98
2.2
1.87
1.97
2.1
0.57
0.77
2.1
2.14
1.23
1
0.89
1.79
0.52
1.52
0.33
1.42
2.22
0.94
0.43
0.65
0.38
0.4
1.01
0.79
1.9
1.2
2.16
1.91
0.89
2.29
1.08
0.78
1.35
0.74
2.09
1.63
1.21
1.38
1.46
1.64
2.08
2.05
1.13
1.8
0.76
0.66
0.92
0.68
1.3
0.55
1.03
0.88
0.66
1.24
0.87
2.26
1.65
0.73
1.36
2.24
0.71
2.14
2.22
1.76
0.57
2
1.08
0.99
0.57
1.74
0.32
1.85
1.49
0.65
1.35
1.45
1.01
1.97
1.83
1.51
1.72
2.07
1.59
2.08
0.5
2.17
1.53
1.85
0.59
0.58
1.78
0.5
1.92
1.2
1.46
1.7
0.39
1.75
0.38
0.67
0.68
1.91
2.22
1.87
1.77
0.76
0.52
0.47
1.93
2.05
1.19
1.35
1.31
0.47
1.12
1.52
1.84
0.35
0.56
1.63
2.14
1.55
1.33
1.76
0.44
0.49
0.65
0.53
1.44
2.24
0.4
1.82
1.84
1.83
0.89
0.8
2.29
1.11
0.48
1.92
0.35
1.37
0.96
0.87
1.04
1.28
1.59
0.58
0.83
1.85
0